t,susceptible,exposed,infected,recovered
0,0.99,0.01,0,0
0.1,0.99,0.009,0.001,0
0.2,0.989901,0.008199,0.00189,1e-05
0.3,0.989714,0.00756619,0.002691,2.89e-05
0.4,0.989448,0.0070759,0.00342071,5.581e-05
0.5,0.989109,0.00670677,0.00409409,9.00171e-05
0.6,0.988704,0.00644105,0.00472383,0.000130958
0.7,0.988237,0.00626399,0.0053207,0.000178196
0.8,0.987711,0.0061634,0.00589389,0.000231403
0.9,0.987129,0.00612921,0.00645129,0.000290342
1,0.986492,0.00615311,0.0069997,0.000354855
1.1,0.985802,0.00622832,0.00754501,0.000424852
1.2,0.985058,0.00634927,0.00809239,0.000500302
1.3,0.984261,0.00651149,0.0086464,0.000581226
1.4,0.98341,0.00671137,0.00921108,0.00066769
1.5,0.982504,0.00694606,0.00979011,0.000759801
1.6,0.981542,0.00721334,0.0103868,0.000857702
1.7,0.980523,0.00751152,0.0110043,0.00096157
1.8,0.979444,0.00783936,0.0116454,0.00107161
1.9,0.978303,0.00819602,0.0123129,0.00118807
2,0.977098,0.00858099,0.0130093,0.0013112
2.1,0.975827,0.00899403,0.0137373,0.00144129
2.2,0.974487,0.00943516,0.0144994,0.00157866
2.3,0.973074,0.00990459,0.0152979,0.00172366
2.4,0.971585,0.0104027,0.0161354,0.00187664
2.5,0.970018,0.0109301,0.0170143,0.00203799
2.6,0.968367,0.0114875,0.0179372,0.00220813
2.7,0.96663,0.0120758,0.0189066,0.0023875
2.8,0.964803,0.0126958,0.0199251,0.00257657
2.9,0.96288,0.0133486,0.0209954,0.00277582
3,0.960859,0.0140353,0.0221203,0.00298577
3.1,0.958733,0.0147572,0.0233026,0.00320698
3.2,0.956499,0.0155156,0.0245453,0.00344
3.3,0.954151,0.0163118,0.0258514,0.00368546
3.4,0.951685,0.0171472,0.0272241,0.00394397
3.5,0.949094,0.0180234,0.0286666,0.00421621
3.6,0.946373,0.0189418,0.0301822,0.00450288
3.7,0.943517,0.019904,0.0317746,0.0048047
3.8,0.940519,0.0209116,0.0334472,0.00512245
3.9,0.937373,0.0219662,0.0352039,0.00545692
4,0.934073,0.0230695,0.0370485,0.00580896
4.1,0.930612,0.0242231,0.038985,0.00617944
4.2,0.926984,0.0254288,0.0410174,0.00656929
4.3,0.923182,0.0266882,0.0431501,0.00697947
4.4,0.919199,0.0280029,0.0453875,0.00741097
4.5,0.915027,0.0293746,0.0477339,0.00786484
4.6,0.910659,0.0308049,0.050194,0.00834218
4.7,0.906088,0.0322954,0.0527726,0.00884412
4.8,0.901306,0.0338475,0.0554744,0.00937185
4.9,0.896306,0.0354627,0.0583044,0.00992659
5,0.89108,0.0371423,0.0612676,0.0105096
5.1,0.885621,0.0388875,0.0643692,0.0111223
5.2,0.87992,0.0406994,0.0676142,0.011766
5.3,0.873971,0.042579,0.071008,0.0124421
5.4,0.867765,0.044527,0.0745558,0.0131522
5.5,0.861295,0.046544,0.078263,0.0138978
5.6,0.854555,0.0486303,0.0821347,0.0146804
5.7,0.847536,0.0507862,0.0861764,0.0155018
5.8,0.840232,0.0530113,0.0903933,0.0163635
5.9,0.832637,0.0553053,0.0947905,0.0172675
6,0.824744,0.0576674,0.0993731,0.0182154
6.1,0.816548,0.0600964,0.104146,0.0192091
6.2,0.808044,0.0625908,0.109114,0.0202506
6.3,0.799227,0.0651486,0.114282,0.0213417
6.4,0.790094,0.0677675,0.119654,0.0224845
6.5,0.78064,0.0704446,0.125234,0.0236811
6.6,0.770864,0.0731764,0.131027,0.0249334
6.7,0.760763,0.0759591,0.137034,0.0262437
6.8,0.750338,0.0787883,0.14326,0.027614
6.9,0.739589,0.0816587,0.149706,0.0290466
7,0.728517,0.0845649,0.156375,0.0305437
7.1,0.717125,0.0875006,0.163267,0.0321074
7.2,0.705416,0.0904588,0.170385,0.0337401
7.3,0.693397,0.0934322,0.177727,0.0354439
7.4,0.681074,0.0964125,0.185293,0.0372212
7.5,0.668454,0.099391,0.193081,0.0390741
7.6,0.655547,0.102359,0.201089,0.0410049
7.7,0.642365,0.105305,0.209314,0.0430158
7.8,0.628919,0.10822,0.217752,0.045109
7.9,0.615224,0.111093,0.226396,0.0472865
8,0.601296,0.113912,0.235241,0.0495504
8.1,0.587151,0.116666,0.24428,0.0519029
8.2,0.572808,0.119342,0.253504,0.0543457
8.3,0.558287,0.121929,0.262903,0.0568807
8.4,0.54361,0.124414,0.272467,0.0595097
8.5,0.528798,0.126784,0.282184,0.0622344
8.6,0.513876,0.129027,0.29204,0.0650562
8.7,0.498869,0.131132,0.302023,0.0679767
8.8,0.483802,0.133086,0.312116,0.0709969
8.9,0.468702,0.134877,0.322303,0.074118
9,0.453595,0.136496,0.332568,0.0773411
9.1,0.43851,0.137931,0.342892,0.0806667
9.2,0.423474,0.139174,0.353256,0.0840957
9.3,0.408515,0.140216,0.363641,0.0876282
9.4,0.393659,0.14105,0.374026,0.0912646
9.5,0.378936,0.141669,0.384391,0.0950049
9.6,0.36437,0.142068,0.394714,0.0988488
9.7,0.349987,0.142243,0.404973,0.102796
9.8,0.335814,0.142193,0.415148,0.106846
9.9,0.321873,0.141915,0.425216,0.110997
10,0.308186,0.14141,0.435155,0.115249
10.1,0.294775,0.14068,0.444944,0.119601
10.2,0.281659,0.139727,0.454563,0.12405
10.3,0.268856,0.138558,0.46399,0.128596
10.4,0.256382,0.137177,0.473206,0.133236
10.5,0.244249,0.135591,0.482192,0.137968
10.6,0.232472,0.13381,0.490929,0.14279
10.7,0.221059,0.131841,0.4994,0.147699
10.8,0.210019,0.129697,0.507591,0.152693
10.9,0.199359,0.127388,0.515484,0.157769
11,0.189082,0.124925,0.523068,0.162924
11.1,0.179192,0.122323,0.53033,0.168155
11.2,0.169689,0.119594,0.537259,0.173458
11.3,0.160572,0.116751,0.543846,0.17883
11.4,0.15184,0.113809,0.550083,0.184269
11.5,0.143487,0.11078,0.555963,0.18977
11.6,0.13551,0.10768,0.561481,0.195329
11.7,0.127901,0.10452,0.566634,0.200944
11.8,0.120654,0.101316,0.57142,0.20661
11.9,0.11376,0.0980785,0.575837,0.212325
12,0.107209,0.0948213,0.579887,0.218083
12.1,0.100992,0.0915561,0.58357,0.223882
12.2,0.0950984,0.0882941,0.58689,0.229718
12.3,0.0895171,0.0850459,0.58985,0.235587
12.4,0.084237,0.0818215,0.592457,0.241485
12.5,0.0792463,0.07863,0.594714,0.24741
12.6,0.0745334,0.0754799,0.59663,0.253357
12.7,0.0700865,0.0723788,0.598212,0.259323
12.8,0.0658938,0.0693336,0.599467,0.265305
12.9,0.0619437,0.0663503,0.600406,0.2713
13,0.0582246,0.0634344,0.601037,0.277304
13.1,0.0547251,0.0605905,0.60137,0.283314
13.2,0.0514341,0.0578225,0.601416,0.289328
13.3,0.0483407,0.0551335,0.601184,0.295342
13.4,0.0454346,0.0525264,0.600685,0.301354
13.5,0.0427054,0.0500029,0.599931,0.307361
13.6,0.0401434,0.0475646,0.598932,0.31336
13.7,0.037739,0.0452125,0.597699,0.319349
13.8,0.0354834,0.0429469,0.596243,0.325326
13.9,0.0333677,0.0407679,0.594576,0.331289
14,0.0313838,0.0386751,0.592707,0.337235
14.1,0.0295236,0.0366677,0.590647,0.343162
14.2,0.0277798,0.0347447,0.588407,0.349068
14.3,0.0261452,0.0329048,0.585998,0.354952
14.4,0.0246131,0.0311465,0.583428,0.360812
14.5,0.0231771,0.0294678,0.580709,0.366646
14.6,0.0218312,0.0278669,0.577848,0.372454
14.7,0.0205697,0.0263418,0.574857,0.378232
14.8,0.0193872,0.0248901,0.571742,0.383981
14.9,0.0182788,0.0235095,0.568514,0.389698
15,0.0172396,0.0221977,0.56518,0.395383
15.1,0.0162653,0.0209523,0.561747,0.401035
15.2,0.0153516,0.0197708,0.558225,0.406652
15.3,0.0144946,0.0186506,0.55462,0.412235
15.4,0.0136907,0.0175895,0.550939,0.417781
15.5,0.0129364,0.0165848,0.547188,0.42329
15.6,0.0122286,0.0156342,0.543375,0.428762
15.7,0.0115641,0.0147352,0.539505,0.434196
15.8,0.0109402,0.0138856,0.535583,0.439591
15.9,0.0103543,0.013083,0.531616,0.444947
16,0.00980382,0.0123251,0.527608,0.450263
16.1,0.00928656,0.0116099,0.523565,0.455539
16.2,0.00880035,0.0109351,0.51949,0.460775
16.3,0.00834318,0.0102988,0.515388,0.46597
16.4,0.00791318,0.00969889,0.511264,0.471123
16.5,0.00750861,0.00913357,0.507122,0.476236
16.6,0.00712783,0.00860099,0.502964,0.481307
16.7,0.00676933,0.0080994,0.498794,0.486337
16.8,0.00643168,0.00762711,0.494616,0.491325
16.9,0.00611355,0.00718252,0.490433,0.496271
17,0.00581373,0.00676409,0.486247,0.501175
17.1,0.00553104,0.00637037,0.482061,0.506038
17.2,0.00526441,0.00599997,0.477877,0.510858
17.3,0.00501283,0.00565154,0.473698,0.515637
17.4,0.00477538,0.00532385,0.469527,0.520374
17.5,0.00455116,0.00501568,0.465364,0.525069
17.6,0.00433936,0.00472591,0.461212,0.529723
17.7,0.00413923,0.00445345,0.457072,0.534335
17.8,0.00395004,0.0041973,0.452947,0.538906
17.9,0.00377112,0.00395648,0.448837,0.543435
18,0.00360186,0.0037301,0.444744,0.547924
18.1,0.00344167,0.00351728,0.44067,0.552371
18.2,0.00329,0.00331721,0.436615,0.556778
18.3,0.00314636,0.00312914,0.43258,0.561144
18.4,0.00301025,0.00295233,0.428568,0.56547
18.5,0.00288124,0.00278611,0.424577,0.569756
18.6,0.00275891,0.00262983,0.42061,0.574001
18.7,0.00264287,0.00248289,0.416667,0.578207
18.8,0.00253275,0.00234472,0.412748,0.582374
18.9,0.00242821,0.00221479,0.408855,0.586502
19,0.00232893,0.00209259,0.404988,0.59059
19.1,0.00223461,0.00197765,0.401148,0.59464
19.2,0.00214497,0.00186952,0.397334,0.598652
19.3,0.00205974,0.0017678,0.393548,0.602625
19.4,0.00197868,0.00167208,0.389789,0.60656
19.5,0.00190156,0.001582,0.386058,0.610458
19.6,0.00182815,0.00149721,0.382356,0.614319
19.7,0.00175825,0.00141739,0.378682,0.618142
19.8,0.00169166,0.00134223,0.375037,0.621929
19.9,0.00162822,0.00127145,0.371421,0.62568
20,0.00156774,0.00120478,0.367834,0.629394
20.1,0.00151008,0.00114197,0.364276,0.633072
20.2,0.00145507,0.00108278,0.360747,0.636715
20.3,0.00140258,0.00102699,0.357248,0.640322
20.4,0.00135247,0.000974402,0.353778,0.643895
20.5,0.00130462,0.00092481,0.350338,0.647433
20.6,0.00125892,0.000878035,0.346927,0.650936
20.7,0.00121524,0.000833906,0.343546,0.654405
20.8,0.00117349,0.000792265,0.340194,0.657841
20.9,0.00113357,0.00075296,0.336871,0.661243
21,0.00109539,0.000715851,0.333577,0.664611
21.1,0.00105885,0.000680805,0.330313,0.667947
21.2,0.00102387,0.0006477,0.327078,0.67125
21.3,0.000990382,0.000616418,0.323872,0.674521
21.4,0.000958306,0.000586852,0.320695,0.67776
21.5,0.000927574,0.000558899,0.317547,0.680967
21.6,0.000898119,0.000532464,0.314427,0.684142
21.7,0.00086988,0.000507457,0.311336,0.687286
21.8,0.000842797,0.000483794,0.308274,0.6904
21.9,0.000816816,0.000461396,0.305239,0.693483
22,0.000791884,0.000440189,0.302233,0.696535
22.1,0.00076795,0.000420103,0.299255,0.699557
22.2,0.000744969,0.000401074,0.296304,0.70255
22.3,0.000722895,0.00038304,0.293381,0.705513
22.4,0.000701687,0.000365945,0.290486,0.708447
22.5,0.000681304,0.000349733,0.287617,0.711352
22.6,0.000661708,0.000334355,0.284776,0.714228
22.7,0.000642864,0.000319764,0.281962,0.717075
22.8,0.000624738,0.000305914,0.279174,0.719895
22.9,0.000607297,0.000292763,0.276413,0.722687
23,0.000590511,0.000280274,0.273678,0.725451
23.1,0.00057435,0.000268407,0.27097,0.728188
23.2,0.000558786,0.00025713,0.268287,0.730897
23.3,0.000543795,0.000246408,0.26563,0.73358
23.4,0.00052935,0.000236212,0.262998,0.736237
23.5,0.000515428,0.000226513,0.260391,0.738867
23.6,0.000502007,0.000217283,0.25781,0.74147
23.7,0.000489065,0.000208497,0.255254,0.744049
23.8,0.000476581,0.000200131,0.252722,0.746601
23.9,0.000464537,0.000192162,0.250215,0.749128
24,0.000452914,0.000184569,0.247732,0.75163
24.1,0.000441693,0.000177332,0.245273,0.754108
24.2,0.00043086,0.000170433,0.242838,0.756561
24.3,0.000420397,0.000163852,0.240427,0.758989
24.4,0.000410289,0.000157575,0.238039,0.761393
24.5,0.000400523,0.000151584,0.235674,0.763774
24.6,0.000391084,0.000145864,0.233333,0.76613
24.7,0.000381958,0.000140403,0.231014,0.768464
24.8,0.000373135,0.000135187,0.228718,0.770774
24.9,0.0003646,0.000130202,0.226444,0.773061
25,0.000356344,0.000125438,0.224193,0.775325
25.1,0.000348355,0.000120883,0.221963,0.777567
25.2,0.000340623,0.000116527,0.219756,0.779787
25.3,0.000333138,0.00011236,0.21757,0.781985
25.4,0.00032589,0.000108372,0.215406,0.78416
25.5,0.00031887,0.000104555,0.213262,0.786314
25.6,0.000312069,0.000100899,0.21114,0.788447
25.7,0.00030548,9.73986e-05,0.209039,0.790558
25.8,0.000299095,9.40444e-05,0.206958,0.792649
25.9,0.000292905,9.083e-05,0.204898,0.794718
26,0.000286903,8.77486e-05,0.202858,0.796767
26.1,0.000281083,8.47938e-05,0.200838,0.798796
26.2,0.000275438,8.19596e-05,0.198838,0.800804
26.3,0.000269961,7.92404e-05,0.196858,0.802793
26.4,0.000264647,7.66308e-05,0.194898,0.804761
26.5,0.000259489,7.41256e-05,0.192956,0.80671
26.6,0.000254482,7.172e-05,0.191034,0.80864
26.7,0.00024962,6.94095e-05,0.189131,0.81055
26.8,0.000244899,6.71896e-05,0.187247,0.812441
26.9,0.000240314,6.50563e-05,0.185381,0.814314
27,0.000235859,6.30057e-05,0.183533,0.816168
27.1,0.00023153,6.10339e-05,0.181704,0.818003
27.2,0.000227323,5.91375e-05,0.179894,0.81982
27.3,0.000223233,5.73131e-05,0.1781,0.821619
27.4,0.000219258,5.55576e-05,0.176325,0.8234
27.5,0.000215392,5.38679e-05,0.174568,0.825163
27.6,0.000211632,5.22412e-05,0.172827,0.826909
27.7,0.000207974,5.06746e-05,0.171104,0.828637
27.8,0.000204415,4.91657e-05,0.169398,0.830348
27.9,0.000200953,4.77119e-05,0.167709,0.832042
28,0.000197583,4.63108e-05,0.166037,0.833719
28.1,0.000194302,4.49604e-05,0.164381,0.83538
28.2,0.000191108,4.36583e-05,0.162742,0.837023
28.3,0.000187998,4.24026e-05,0.161119,0.838651
28.4,0.000184969,4.11913e-05,0.159512,0.840262
28.5,0.000182018,4.00227e-05,0.157921,0.841857
28.6,0.000179144,3.88948e-05,0.156346,0.843436
28.7,0.000176343,3.78062e-05,0.154786,0.845
28.8,0.000173614,3.67551e-05,0.153242,0.846548
28.9,0.000170953,3.57401e-05,0.151713,0.84808
29,0.000168359,3.47597e-05,0.1502,0.849597
29.1,0.000165831,3.38124e-05,0.148701,0.851099
29.2,0.000163365,3.28971e-05,0.147217,0.852586
29.3,0.00016096,3.20124e-05,0.145749,0.854058
29.4,0.000158614,3.11572e-05,0.144294,0.855516
29.5,0.000156325,3.03301e-05,0.142854,0.856959
29.6,0.000154092,2.95303e-05,0.141429,0.858387
29.7,0.000151913,2.87566e-05,0.140018,0.859802
29.8,0.000149786,2.8008e-05,0.13862,0.861202
29.9,0.000147709,2.72835e-05,0.137237,0.862588
30,0.000145682,2.65823e-05,0.135867,0.86396
30.1,0.000143703,2.59034e-05,0.134511,0.865319
30.2,0.00014177,2.5246e-05,0.133169,0.866664
30.3,0.000139882,2.46093e-05,0.13184,0.867996
30.4,0.000138038,2.39926e-05,0.130524,0.869314
30.5,0.000136236,2.33951e-05,0.129221,0.87062
30.6,0.000134476,2.2816e-05,0.127931,0.871912
30.7,0.000132755,2.22548e-05,0.126654,0.873191
30.8,0.000131074,2.17107e-05,0.12539,0.874458
30.9,0.00012943,2.11831e-05,0.124138,0.875712
31,0.000127824,2.06715e-05,0.122899,0.876953
31.1,0.000126253,2.01753e-05,0.121672,0.878182
31.2,0.000124716,1.96939e-05,0.120457,0.879399
31.3,0.000123214,1.92268e-05,0.119254,0.880603
31.4,0.000121745,1.87735e-05,0.118064,0.881796
31.5,0.000120307,1.83335e-05,0.116885,0.882976
31.6,0.000118901,1.79064e-05,0.115718,0.884145
31.7,0.000117525,1.74917e-05,0.114563,0.885302
31.8,0.000116179,1.70889e-05,0.113419,0.886448
31.9,0.000114861,1.66977e-05,0.112286,0.887582
32,0.000113571,1.63177e-05,0.111165,0.888705
32.1,0.000112309,1.59484e-05,0.110055,0.889817
32.2,0.000111073,1.55896e-05,0.108956,0.890917
32.3,0.000109863,1.52408e-05,0.107868,0.892007
32.4,0.000108678,1.49018e-05,0.106791,0.893085
32.5,0.000107517,1.45722e-05,0.105725,0.894153
32.6,0.00010638,1.42517e-05,0.104669,0.895211
32.7,0.000105267,1.394e-05,0.103623,0.896257
32.8,0.000104176,1.36368e-05,0.102589,0.897294
32.9,0.000103107,1.33419e-05,0.101564,0.898319
33,0.00010206,1.30549e-05,0.10055,0.899335
33.1,0.000101034,1.27756e-05,0.0995456,0.900341
33.2,0.000100028,1.25038e-05,0.0985514,0.901336
33.3,9.90424e-05,1.22392e-05,0.0975672,0.902322
33.4,9.80761e-05,1.19816e-05,0.0965927,0.903297
33.5,9.71287e-05,1.17308e-05,0.095628,0.904263
33.6,9.61999e-05,1.14865e-05,0.0946729,0.905219
33.7,9.52892e-05,1.12486e-05,0.0937273,0.906166
33.8,9.4396e-05,1.10169e-05,0.0927911,0.907103
33.9,9.35201e-05,1.07911e-05,0.0918643,0.908031
34,9.2661e-05,1.05711e-05,0.0909468,0.90895
34.1,9.18183e-05,1.03567e-05,0.0900384,0.909859
34.2,9.09916e-05,1.01478e-05,0.089139,0.91076
34.3,9.01805e-05,9.94409e-06,0.0882486,0.911651
34.4,8.93846e-05,9.74551e-06,0.0873671,0.912534
34.5,8.86037e-05,9.55189e-06,0.0864944,0.913407
34.6,8.78373e-05,9.36307e-06,0.0856305,0.914272
34.7,8.70852e-05,9.17892e-06,0.0847751,0.915129
34.8,8.63469e-05,8.99929e-06,0.0839283,0.915976
34.9,8.56222e-05,8.82406e-06,0.0830899,0.916816
35,8.49108e-05,8.65309e-06,0.0822599,0.917647
35.1,8.42123e-05,8.48625e-06,0.0814381,0.918469
35.2,8.35265e-05,8.32344e-06,0.0806246,0.919284
35.3,8.28531e-05,8.16452e-06,0.0798192,0.92009
35.4,8.21918e-05,8.0094e-06,0.0790218,0.920888
35.5,8.15423e-05,7.85795e-06,0.0782324,0.921678
35.6,8.09043e-05,7.71008e-06,0.0774508,0.922461
35.7,8.02777e-05,7.56568e-06,0.0766771,0.923235
35.8,7.96622e-05,7.42466e-06,0.0759111,0.924002
35.9,7.90575e-05,7.28692e-06,0.0751527,0.924761
36,7.84633e-05,7.15237e-06,0.0744019,0.925512
36.1,7.78795e-05,7.02091e-06,0.0736586,0.926256
36.2,7.73059e-05,6.89247e-06,0.0729227,0.926993
36.3,7.67422e-05,6.76696e-06,0.0721942,0.927722
36.4,7.61881e-05,6.6443e-06,0.0714729,0.928444
36.5,7.56436e-05,6.52441e-06,0.0707589,0.929159
36.6,7.51083e-05,6.40721e-06,0.0700519,0.929867
36.7,7.45822e-05,6.29264e-06,0.0693521,0.930567
36.8,7.40649e-05,6.18062e-06,0.0686592,0.931261
36.9,7.35564e-05,6.07108e-06,0.0679732,0.931947
37,7.30564e-05,5.96396e-06,0.0672941,0.932627
37.1,7.25648e-05,5.85919e-06,0.0666217,0.9333
37.2,7.20814e-05,5.75671e-06,0.0659561,0.933966
37.3,7.16059e-05,5.65646e-06,0.0652971,0.934626
37.4,7.11384e-05,5.55838e-06,0.0646447,0.935279
37.5,7.06785e-05,5.46241e-06,0.0639988,0.935925
37.6,7.02262e-05,5.36851e-06,0.0633594,0.936565
37.7,6.97812e-05,5.2766e-06,0.0627263,0.937199
37.8,6.93435e-05,5.18665e-06,0.0620996,0.937826
37.9,6.89129e-05,5.09861e-06,0.0614791,0.938447
38,6.84892e-05,5.01242e-06,0.0608648,0.939062
38.1,6.80724e-05,4.92804e-06,0.0602567,0.93967
38.2,6.76622e-05,4.84541e-06,0.0596546,0.940273
38.3,6.72585e-05,4.76451e-06,0.0590585,0.940869
38.4,6.68613e-05,4.68528e-06,0.0584684,0.94146
38.5,6.64704e-05,4.60768e-06,0.0578842,0.942045
38.6,6.60856e-05,4.53167e-06,0.0573058,0.942624
38.7,6.57069e-05,4.45721e-06,0.0567332,0.943197
38.8,6.53342e-05,4.38427e-06,0.0561663,0.943764
38.9,6.49672e-05,4.3128e-06,0.0556051,0.944326
39,6.46059e-05,4.24277e-06,0.0550495,0.944882
39.1,6.42503e-05,4.17414e-06,0.0544994,0.945432
39.2,6.39001e-05,4.10689e-06,0.0539548,0.945977
39.3,6.35554e-05,4.04097e-06,0.0534157,0.946517
39.4,6.32159e-05,3.97636e-06,0.052882,0.947051
39.5,6.28816e-05,3.91302e-06,0.0523535,0.94758
39.6,6.25524e-05,3.85093e-06,0.0518304,0.948103
39.7,6.22282e-05,3.79005e-06,0.0513125,0.948622
39.8,6.19089e-05,3.73035e-06,0.0507997,0.949135
39.9,6.15944e-05,3.67181e-06,0.0502921,0.949643
40,6.12846e-05,3.6144e-06,0.0497895,0.950146
40.1,6.09795e-05,3.55809e-06,0.049292,0.950643
40.2,6.06789e-05,3.50286e-06,0.0487994,0.951136
40.3,6.03828e-05,3.44869e-06,0.0483118,0.951624
40.4,6.0091e-05,3.39554e-06,0.047829,0.952107
40.5,5.98036e-05,3.34339e-06,0.0473511,0.952586
40.6,5.95205e-05,3.29223e-06,0.0468779,0.953059
40.7,5.92414e-05,3.24203e-06,0.0464095,0.953528
40.8,5.89665e-05,3.19276e-06,0.0459457,0.953992
40.9,5.86956e-05,3.14441e-06,0.0454865,0.954452
41,5.84286e-05,3.09696e-06,0.045032,0.954906
41.1,5.81655e-05,3.05038e-06,0.044582,0.955357
41.2,5.79062e-05,3.00465e-06,0.0441365,0.955803
41.3,5.76506e-05,2.95976e-06,0.0436954,0.956244
41.4,5.73987e-05,2.91569e-06,0.0432587,0.956681
41.5,5.71504e-05,2.87242e-06,0.0428265,0.957114
41.6,5.69056e-05,2.82994e-06,0.0423985,0.957542
41.7,5.66644e-05,2.78821e-06,0.0419748,0.957966
41.8,5.64265e-05,2.74724e-06,0.0415553,0.958386
41.9,5.6192e-05,2.707e-06,0.04114,0.958801
42,5.59608e-05,2.66747e-06,0.0407289,0.959212
42.1,5.57329e-05,2.62865e-06,0.0403219,0.95962
42.2,5.55082e-05,2.59051e-06,0.0399189,0.960023
42.3,5.52866e-05,2.55304e-06,0.03952,0.960422
42.4,5.50681e-05,2.51623e-06,0.039125,0.960817
42.5,5.48527e-05,2.48006e-06,0.038734,0.961209
42.6,5.46402e-05,2.44452e-06,0.038347,0.961596
42.7,5.44307e-05,2.4096e-06,0.0379637,0.961979
42.8,5.4224e-05,2.37528e-06,0.0375843,0.962359
42.9,5.40202e-05,2.34155e-06,0.0372087,0.962735
43,5.38192e-05,2.30839e-06,0.0368369,0.963107
43.1,5.3621e-05,2.27581e-06,0.0364687,0.963475
43.2,5.34254e-05,2.24378e-06,0.0361043,0.96384
43.3,5.32325e-05,2.21229e-06,0.0357435,0.964201
43.4,5.30423e-05,2.18133e-06,0.0353862,0.964559
43.5,5.28546e-05,2.15089e-06,0.0350326,0.964912
43.6,5.26694e-05,2.12097e-06,0.0346825,0.965263
43.7,5.24867e-05,2.09154e-06,0.0343359,0.96561
43.8,5.23065e-05,2.06261e-06,0.0339927,0.965953
43.9,5.21287e-05,2.03415e-06,0.033653,0.966293
44,5.19533e-05,2.00616e-06,0.0333167,0.966629
44.1,5.17802e-05,1.97864e-06,0.0329837,0.966963
44.2,5.16094e-05,1.95156e-06,0.0326541,0.967292
44.3,5.14409e-05,1.92493e-06,0.0323277,0.967619
44.4,5.12746e-05,1.89874e-06,0.0320046,0.967942
44.5,5.11105e-05,1.87297e-06,0.0316848,0.968262
44.6,5.09485e-05,1.84761e-06,0.0313681,0.968579
44.7,5.07887e-05,1.82267e-06,0.0310546,0.968893
44.8,5.0631e-05,1.79812e-06,0.0307443,0.969203
44.9,5.04753e-05,1.77397e-06,0.030437,0.969511
45,5.03217e-05,1.75021e-06,0.0301328,0.969815
45.1,5.01701e-05,1.72682e-06,0.0298317,0.970116
45.2,5.00204e-05,1.7038e-06,0.0295335,0.970415
45.3,4.98727e-05,1.68115e-06,0.0292383,0.97071
45.4,4.97269e-05,1.65885e-06,0.0289461,0.971002
45.5,4.95829e-05,1.63691e-06,0.0286568,0.971292
45.6,4.94408e-05,1.61531e-06,0.0283704,0.971579
45.7,4.93006e-05,1.59404e-06,0.0280869,0.971862
45.8,4.91621e-05,1.57311e-06,0.0278062,0.972143
45.9,4.90254e-05,1.5525e-06,0.0275283,0.972421
46,4.88904e-05,1.53221e-06,0.0272531,0.972696
46.1,4.87572e-05,1.51223e-06,0.0269808,0.972969
46.2,4.86256e-05,1.49256e-06,0.0267111,0.973239
46.3,4.84958e-05,1.47318e-06,0.0264441,0.973506
46.4,4.83675e-05,1.45411e-06,0.0261799,0.97377
46.5,4.82409e-05,1.43532e-06,0.0259182,0.974032
46.6,4.81159e-05,1.41682e-06,0.0256592,0.974291
46.7,4.79924e-05,1.3986e-06,0.0254027,0.974548
46.8,4.78705e-05,1.38066e-06,0.0251488,0.974802
46.9,4.77501e-05,1.36298e-06,0.0248975,0.975053
47,4.76312e-05,1.34557e-06,0.0246486,0.975302
47.1,4.75138e-05,1.32841e-06,0.0244023,0.975549
47.2,4.73979e-05,1.31152e-06,0.0241584,0.975793
47.3,4.72834e-05,1.29487e-06,0.0239169,0.976034
47.4,4.71703e-05,1.27847e-06,0.0236779,0.976274
47.5,4.70586e-05,1.26231e-06,0.0234413,0.97651
47.6,4.69483e-05,1.24639e-06,0.023207,0.976745
47.7,4.68393e-05,1.23071e-06,0.022975,0.976977
47.8,4.67317e-05,1.21525e-06,0.0227454,0.977207
47.9,4.66254e-05,1.20002e-06,0.0225181,0.977434
48,4.65204e-05,1.18501e-06,0.022293,0.977659
48.1,4.64167e-05,1.17021e-06,0.0220702,0.977882
48.2,4.63143e-05,1.15564e-06,0.0218496,0.978103
48.3,4.62131e-05,1.14127e-06,0.0216312,0.978321
48.4,4.61131e-05,1.1271e-06,0.021415,0.978538
48.5,4.60144e-05,1.11315e-06,0.021201,0.978752
48.6,4.59168e-05,1.09939e-06,0.0209891,0.978964
48.7,4.58204e-05,1.08582e-06,0.0207793,0.979174
48.8,4.57252e-05,1.07245e-06,0.0205716,0.979382
48.9,4.56312e-05,1.05927e-06,0.020366,0.979587
49,4.55382e-05,1.04628e-06,0.0201625,0.979791
49.1,4.54464e-05,1.03347e-06,0.0199609,0.979993
49.2,4.53557e-05,1.02083e-06,0.0197614,0.980192
49.3,4.52661e-05,1.00838e-06,0.0195639,0.98039
49.4,4.51775e-05,9.961e-07,0.0193684,0.980585
49.5,4.509e-05,9.83992e-07,0.0191748,0.980779
49.6,4.50035e-05,9.72052e-07,0.0189832,0.980971
49.7,4.49181e-05,9.60277e-07,0.0187934,0.981161
49.8,4.48337e-05,9.48666e-07,0.0186056,0.981349
49.9,4.47503e-05,9.37215e-07,0.0184196,0.981535
50,4.46679e-05,9.25922e-07,0.0182355,0.981719
50.1,4.45864e-05,9.14784e-07,0.0180533,0.981901
50.2,4.45059e-05,9.03798e-07,0.0178728,0.982082
50.3,4.44264e-05,8.92963e-07,0.0176942,0.982261
50.4,4.43478e-05,8.82276e-07,0.0175173,0.982437
50.5,4.42701e-05,8.71733e-07,0.0173422,0.982613
50.6,4.41933e-05,8.61334e-07,0.0171689,0.982786
50.7,4.41174e-05,8.51076e-07,0.0169973,0.982958
50.8,4.40424e-05,8.40956e-07,0.0168274,0.983128
50.9,4.39683e-05,8.30972e-07,0.0166592,0.983296
51,4.38951e-05,8.21123e-07,0.0164927,0.983463
51.1,4.38227e-05,8.11405e-07,0.0163279,0.983628
51.2,4.37511e-05,8.01818e-07,0.0161647,0.983791
51.3,4.36804e-05,7.92358e-07,0.0160031,0.983952
51.4,4.36105e-05,7.83025e-07,0.0158432,0.984112
51.5,4.35414e-05,7.73815e-07,0.0156848,0.984271
51.6,4.34731e-05,7.64727e-07,0.015528,0.984428
51.7,4.34056e-05,7.5576e-07,0.0153728,0.984583
51.8,4.33389e-05,7.4691e-07,0.0152192,0.984737
51.9,4.32729e-05,7.38178e-07,0.0150671,0.984889
52,4.32077e-05,7.29559e-07,0.0149165,0.98504
52.1,4.31433e-05,7.21054e-07,0.0147674,0.985189
52.2,4.30796e-05,7.1266e-07,0.0146198,0.985336
52.3,4.30166e-05,7.04375e-07,0.0144736,0.985483
52.4,4.29543e-05,6.96198e-07,0.014329,0.985627
52.5,4.28928e-05,6.88128e-07,0.0141858,0.985771
52.6,4.28319e-05,6.80161e-07,0.014044,0.985913
52.7,4.27718e-05,6.72298e-07,0.0139036,0.986053
52.8,4.27123e-05,6.64537e-07,0.0137646,0.986192
52.9,4.26535e-05,6.56875e-07,0.013627,0.98633
53,4.25954e-05,6.49311e-07,0.0134908,0.986466
53.1,4.25379e-05,6.41845e-07,0.013356,0.986601
53.2,4.24811e-05,6.34474e-07,0.0132225,0.986734
53.3,4.24249e-05,6.27197e-07,0.0130903,0.986867
53.4,4.23694e-05,6.20013e-07,0.0129595,0.986998
53.5,4.23145e-05,6.12921e-07,0.01283,0.987127
53.6,4.22602e-05,6.05918e-07,0.0127017,0.987255
53.7,4.22065e-05,5.99004e-07,0.0125748,0.987382
53.8,4.21534e-05,5.92177e-07,0.0124491,0.987508
53.9,4.2101e-05,5.85437e-07,0.0123246,0.987633
54,4.20491e-05,5.78781e-07,0.0122015,0.987756
54.1,4.19978e-05,5.72209e-07,0.0120795,0.987878
54.2,4.1947e-05,5.65719e-07,0.0119588,0.987999
54.3,4.18969e-05,5.59311e-07,0.0118392,0.988118
54.4,4.18473e-05,5.52982e-07,0.0117209,0.988237
54.5,4.17982e-05,5.46733e-07,0.0116037,0.988354
54.6,4.17497e-05,5.40561e-07,0.0114878,0.98847
54.7,4.17018e-05,5.34466e-07,0.0113729,0.988585
54.8,4.16543e-05,5.28447e-07,0.0112593,0.988699
54.9,4.16074e-05,5.22502e-07,0.0111467,0.988811
55,4.15611e-05,5.1663e-07,0.0110353,0.988923
55.1,4.15152e-05,5.10831e-07,0.010925,0.989033
55.2,4.14698e-05,5.05103e-07,0.0108158,0.989142
55.3,4.1425e-05,4.99446e-07,0.0107077,0.98925
55.4,4.13806e-05,4.93858e-07,0.0106007,0.989357
55.5,4.13368e-05,4.88339e-07,0.0104947,0.989463
55.6,4.12934e-05,4.82886e-07,0.0103898,0.989568
55.7,4.12505e-05,4.77501e-07,0.010286,0.989672
55.8,4.12081e-05,4.72181e-07,0.0101832,0.989775
55.9,4.11661e-05,4.66926e-07,0.0100814,0.989877
56,4.11246e-05,4.61734e-07,0.0099806,0.989978
56.1,4.10835e-05,4.56606e-07,0.00988084,0.990078
56.2,4.1043e-05,4.51539e-07,0.00978208,0.990176
56.3,4.10028e-05,4.46534e-07,0.00968431,0.990274
56.4,4.09631e-05,4.41589e-07,0.00958751,0.990371
56.5,4.09238e-05,4.36703e-07,0.00949168,0.990467
56.6,4.0885e-05,4.31876e-07,0.0093968,0.990562
56.7,4.08466e-05,4.27108e-07,0.00930288,0.990656
56.8,4.08086e-05,4.22396e-07,0.00920989,0.990749
56.9,4.0771e-05,4.17741e-07,0.00911784,0.990841
57,4.07338e-05,4.13141e-07,0.0090267,0.990932
57.1,4.0697e-05,4.08596e-07,0.00893647,0.991022
57.2,4.06607e-05,4.04105e-07,0.00884715,0.991112
57.3,4.06247e-05,3.99668e-07,0.00875872,0.9912
57.4,4.05891e-05,3.95283e-07,0.00867117,0.991288
57.5,4.05539e-05,3.9095e-07,0.0085845,0.991375
57.6,4.05191e-05,3.86669e-07,0.00849869,0.99146
57.7,4.04847e-05,3.82438e-07,0.00841374,0.991545
57.8,4.04506e-05,3.78257e-07,0.00832965,0.99163
57.9,4.04169e-05,3.74125e-07,0.00824639,0.991713
58,4.03836e-05,3.70042e-07,0.00816396,0.991795
58.1,4.03506e-05,3.66007e-07,0.00808236,0.991877
58.2,4.0318e-05,3.62019e-07,0.00800157,0.991958
58.3,4.02857e-05,3.58078e-07,0.00792159,0.992038
58.4,4.02538e-05,3.54183e-07,0.00784241,0.992117
58.5,4.02223e-05,3.50333e-07,0.00776402,0.992195
58.6,4.0191e-05,3.46528e-07,0.00768642,0.992273
58.7,4.01601e-05,3.42768e-07,0.00760959,0.99235
58.8,4.01296e-05,3.39051e-07,0.00753353,0.992426
58.9,4.00993e-05,3.35378e-07,0.00745822,0.992501
59,4.00694e-05,3.31747e-07,0.00738368,0.992576
59.1,4.00398e-05,3.28158e-07,0.00730987,0.99265
59.2,4.00106e-05,3.24611e-07,0.00723681,0.992723
59.3,3.99816e-05,3.21105e-07,0.00716447,0.992795
59.4,3.9953e-05,3.17639e-07,0.00709286,0.992867
59.5,3.99246e-05,3.14213e-07,0.00702196,0.992938
59.6,3.98966e-05,3.10827e-07,0.00695177,0.993008
59.7,3.98689e-05,3.07479e-07,0.00688229,0.993078
59.8,3.98414e-05,3.0417e-07,0.00681349,0.993146
59.9,3.98143e-05,3.00899e-07,0.00674539,0.993214
60,3.97874e-05,2.97666e-07,0.00667797,0.993282
60.1,3.97609e-05,2.94469e-07,0.00661122,0.993349
60.2,3.97346e-05,2.91309e-07,0.00654513,0.993415
60.3,3.97086e-05,2.88185e-07,0.00647971,0.99348
60.4,3.96828e-05,2.85096e-07,0.00641494,0.993545
60.5,3.96574e-05,2.82043e-07,0.00635082,0.993609
60.6,3.96322e-05,2.79024e-07,0.00628734,0.993673
60.7,3.96073e-05,2.7604e-07,0.0062245,0.993736
60.8,3.95826e-05,2.7309e-07,0.00616228,0.993798
60.9,3.95582e-05,2.70173e-07,0.00610068,0.993859
61,3.95341e-05,2.67289e-07,0.0060397,0.99392
61.1,3.95102e-05,2.64437e-07,0.00597933,0.993981
61.2,3.94866e-05,2.61618e-07,0.00591957,0.994041
61.3,3.94632e-05,2.5883e-07,0.0058604,0.9941
61.4,3.94401e-05,2.56074e-07,0.00580182,0.994158
61.5,3.94172e-05,2.53349e-07,0.00574383,0.994217
61.6,3.93946e-05,2.50655e-07,0.00568641,0.994274
61.7,3.93722e-05,2.47991e-07,0.00562957,0.994331
61.8,3.935e-05,2.45357e-07,0.0055733,0.994387
61.9,3.93281e-05,2.42752e-07,0.0055176,0.994443
62,3.93064e-05,2.40176e-07,0.00546244,0.994498
62.1,3.92849e-05,2.3763e-07,0.00540784,0.994553
62.2,3.92637e-05,2.35111e-07,0.00535379,0.994607
62.3,3.92426e-05,2.32621e-07,0.00530027,0.99466
62.4,3.92218e-05,2.30159e-07,0.00524729,0.994713
62.5,3.92013e-05,2.27724e-07,0.00519484,0.994766
62.6,3.91809e-05,2.25316e-07,0.00514292,0.994818
62.7,3.91607e-05,2.22935e-07,0.00509151,0.994869
62.8,3.91408e-05,2.2058e-07,0.00504062,0.99492
62.9,3.91211e-05,2.18251e-07,0.00499024,0.99497
63,3.91016e-05,2.15948e-07,0.00494035,0.99502
63.1,3.90822e-05,2.13671e-07,0.00489097,0.99507
63.2,3.90631e-05,2.11419e-07,0.00484208,0.995119
63.3,3.90442e-05,2.09192e-07,0.00479368,0.995167
63.4,3.90255e-05,2.06989e-07,0.00474577,0.995215
63.5,3.9007e-05,2.04811e-07,0.00469833,0.995262
63.6,3.89886e-05,2.02657e-07,0.00465137,0.995309
63.7,3.89705e-05,2.00526e-07,0.00460488,0.995356
63.8,3.89526e-05,1.98419e-07,0.00455885,0.995402
63.9,3.89348e-05,1.96335e-07,0.00451328,0.995448
64,3.89172e-05,1.94274e-07,0.00446817,0.995493
64.1,3.88998e-05,1.92235e-07,0.0044235,0.995537
64.2,3.88826e-05,1.90219e-07,0.00437929,0.995582
64.3,3.88656e-05,1.88225e-07,0.00433551,0.995625
64.4,3.88488e-05,1.86253e-07,0.00429218,0.995669
64.5,3.88321e-05,1.84302e-07,0.00424927,0.995712
64.6,3.88156e-05,1.82373e-07,0.0042068,0.995754
64.7,3.87993e-05,1.80464e-07,0.00416475,0.995796
64.8,3.87831e-05,1.78577e-07,0.00412312,0.995838
64.9,3.87671e-05,1.7671e-07,0.00408191,0.995879
65,3.87513e-05,1.74863e-07,0.00404111,0.99592
65.1,3.87356e-05,1.73037e-07,0.00400071,0.99596
65.2,3.87201e-05,1.7123e-07,0.00396072,0.996
65.3,3.87048e-05,1.69443e-07,0.00392113,0.99604
65.4,3.86896e-05,1.67675e-07,0.00388194,0.996079
65.5,3.86746e-05,1.65927e-07,0.00384314,0.996118
65.6,3.86597e-05,1.64197e-07,0.00380472,0.996156
65.7,3.8645e-05,1.62487e-07,0.00376669,0.996195
65.8,3.86305e-05,1.60794e-07,0.00372904,0.996232
65.9,3.86161e-05,1.5912e-07,0.00369176,0.996269
66,3.86018e-05,1.57464e-07,0.00365486,0.996306
66.1,3.85877e-05,1.55826e-07,0.00361833,0.996343
66.2,3.85737e-05,1.54206e-07,0.00358216,0.996379
66.3,3.85599e-05,1.52603e-07,0.00354636,0.996415
66.4,3.85462e-05,1.51018e-07,0.00351091,0.99645
66.5,3.85327e-05,1.49449e-07,0.00347581,0.996486
66.6,3.85193e-05,1.47897e-07,0.00344107,0.99652
66.7,3.85061e-05,1.46362e-07,0.00340667,0.996555
66.8,3.84929e-05,1.44844e-07,0.00337262,0.996589
66.9,3.848e-05,1.43342e-07,0.00333891,0.996622
67,3.84671e-05,1.41856e-07,0.00330554,0.996656
67.1,3.84544e-05,1.40386e-07,0.00327249,0.996689
67.2,3.84418e-05,1.38931e-07,0.00323978,0.996722
67.3,3.84294e-05,1.37492e-07,0.0032074,0.996754
67.4,3.8417e-05,1.36069e-07,0.00317534,0.996786
67.5,3.84048e-05,1.34661e-07,0.0031436,0.996818
67.6,3.83928e-05,1.33268e-07,0.00311218,0.996849
67.7,3.83808e-05,1.31889e-07,0.00308107,0.99688
67.8,3.8369e-05,1.30526e-07,0.00305027,0.996911
67.9,3.83573e-05,1.29177e-07,0.00301978,0.996942
68,3.83457e-05,1.27842e-07,0.0029896,0.996972
68.1,3.83342e-05,1.26522e-07,0.00295971,0.997002
68.2,3.83229e-05,1.25215e-07,0.00293013,0.997031
68.3,3.83117e-05,1.23923e-07,0.00290084,0.997061
68.4,3.83005e-05,1.22644e-07,0.00287184,0.99709
68.5,3.82895e-05,1.21379e-07,0.00284314,0.997118
68.6,3.82787e-05,1.20128e-07,0.00281472,0.997147
68.7,3.82679e-05,1.18889e-07,0.00278658,0.997175
68.8,3.82572e-05,1.17664e-07,0.00275873,0.997203
68.9,3.82467e-05,1.16452e-07,0.00273115,0.99723
69,3.82362e-05,1.15252e-07,0.00270385,0.997258
69.1,3.82259e-05,1.14066e-07,0.00267683,0.997285
69.2,3.82156e-05,1.12891e-07,0.00265007,0.997312
69.3,3.82055e-05,1.1173e-07,0.00262358,0.997338
69.4,3.81955e-05,1.1058e-07,0.00259736,0.997364
69.5,3.81856e-05,1.09443e-07,0.00257139,0.99739
69.6,3.81758e-05,1.08318e-07,0.00254569,0.997416
69.7,3.8166e-05,1.07204e-07,0.00252025,0.997441
69.8,3.81564e-05,1.06103e-07,0.00249505,0.997467
69.9,3.81469e-05,1.05013e-07,0.00247011,0.997492
70,3.81375e-05,1.03934e-07,0.00244542,0.997516
70.1,3.81281e-05,1.02867e-07,0.00242098,0.997541
70.2,3.81189e-05,1.01811e-07,0.00239678,0.997565
70.3,3.81098e-05,1.00766e-07,0.00237282,0.997589
70.4,3.81007e-05,9.97323e-08,0.0023491,0.997613
70.5,3.80918e-05,9.87093e-08,0.00232562,0.997636
70.6,3.80829e-05,9.76971e-08,0.00230238,0.997659
70.7,3.80742e-05,9.66955e-08,0.00227936,0.997682
70.8,3.80655e-05,9.57044e-08,0.00225658,0.997705
70.9,3.80569e-05,9.47238e-08,0.00223402,0.997728
71,3.80484e-05,9.37534e-08,0.00221169,0.99775
71.1,3.804e-05,9.27932e-08,0.00218958,0.997772
71.2,3.80316e-05,9.1843e-08,0.0021677,0.997794
71.3,3.80234e-05,9.09028e-08,0.00214603,0.997816
71.4,3.80152e-05,8.99725e-08,0.00212458,0.997837
71.5,3.80072e-05,8.90519e-08,0.00210334,0.997859
71.6,3.79992e-05,8.81409e-08,0.00208232,0.99788
71.7,3.79913e-05,8.72394e-08,0.0020615,0.9979
71.8,3.79834e-05,8.63474e-08,0.0020409,0.997921
71.9,3.79757e-05,8.54647e-08,0.0020205,0.997941
72,3.7968e-05,8.45912e-08,0.0020003,0.997962
72.1,3.79604e-05,8.37268e-08,0.0019803,0.997982
72.2,3.79529e-05,8.28714e-08,0.00196051,0.998001
72.3,3.79455e-05,8.2025e-08,0.00194091,0.998021
72.4,3.79381e-05,8.11874e-08,0.00192151,0.99804
72.5,3.79308e-05,8.03585e-08,0.00190231,0.99806
72.6,3.79236e-05,7.95382e-08,0.00188329,0.998079
72.7,3.79164e-05,7.87265e-08,0.00186447,0.998098
72.8,3.79094e-05,7.79233e-08,0.00184583,0.998116
72.9,3.79024e-05,7.71284e-08,0.00182738,0.998135
73,3.78954e-05,7.63417e-08,0.00180911,0.998153
73.1,3.78886e-05,7.55633e-08,0.00179103,0.998171
73.2,3.78818e-05,7.47929e-08,0.00177313,0.998189
73.3,3.78751e-05,7.40305e-08,0.0017554,0.998207
73.4,3.78684e-05,7.32761e-08,0.00173786,0.998224
73.5,3.78619e-05,7.25295e-08,0.00172048,0.998242
73.6,3.78553e-05,7.17906e-08,0.00170329,0.998259
73.7,3.78489e-05,7.10594e-08,0.00168626,0.998276
73.8,3.78425e-05,7.03357e-08,0.00166941,0.998293
73.9,3.78362e-05,6.96196e-08,0.00165272,0.998309
74,3.78299e-05,6.89109e-08,0.0016362,0.998326
74.1,3.78238e-05,6.82096e-08,0.00161984,0.998342
74.2,3.78176e-05,6.75155e-08,0.00160365,0.998358
74.3,3.78116e-05,6.68285e-08,0.00158762,0.998374
74.4,3.78056e-05,6.61487e-08,0.00157175,0.99839
74.5,3.77996e-05,6.5476e-08,0.00155604,0.998406
74.6,3.77937e-05,6.48101e-08,0.00154049,0.998422
74.7,3.77879e-05,6.41512e-08,0.00152509,0.998437
74.8,3.77821e-05,6.34991e-08,0.00150984,0.998452
74.9,3.77764e-05,6.28537e-08,0.00149475,0.998467
75,3.77708e-05,6.2215e-08,0.00147981,0.998482
75.1,3.77652e-05,6.15828e-08,0.00146502,0.998497
75.2,3.77597e-05,6.09572e-08,0.00145038,0.998512
75.3,3.77542e-05,6.03381e-08,0.00143588,0.998526
75.4,3.77488e-05,5.97253e-08,0.00142153,0.998541
75.5,3.77434e-05,5.91189e-08,0.00140732,0.998555
75.6,3.77381e-05,5.85187e-08,0.00139325,0.998569
75.7,3.77328e-05,5.79247e-08,0.00137932,0.998583
75.8,3.77276e-05,5.73368e-08,0.00136553,0.998597
75.9,3.77225e-05,5.67549e-08,0.00135188,0.99861
76,3.77174e-05,5.61791e-08,0.00133837,0.998624
76.1,3.77123e-05,5.56092e-08,0.00132499,0.998637
76.2,3.77073e-05,5.50451e-08,0.00131175,0.99865
76.3,3.77024e-05,5.44868e-08,0.00129864,0.998664
76.4,3.76975e-05,5.39343e-08,0.00128566,0.998677
76.5,3.76927e-05,5.33875e-08,0.00127281,0.998689
76.6,3.76879e-05,5.28463e-08,0.00126008,0.998702
76.7,3.76831e-05,5.23106e-08,0.00124749,0.998715
76.8,3.76784e-05,5.17805e-08,0.00123502,0.998727
76.9,3.76738e-05,5.12558e-08,0.00122267,0.99874
77,3.76691e-05,5.07365e-08,0.00121045,0.998752
77.1,3.76646e-05,5.02225e-08,0.00119835,0.998764
77.2,3.76601e-05,4.97138e-08,0.00118637,0.998776
77.3,3.76556e-05,4.92103e-08,0.00117451,0.998788
77.4,3.76512e-05,4.8712e-08,0.00116277,0.9988
77.5,3.76468e-05,4.82188e-08,0.00115115,0.998811
77.6,3.76425e-05,4.77306e-08,0.00113964,0.998823
77.7,3.76382e-05,4.72474e-08,0.00112825,0.998834
77.8,3.76339e-05,4.67692e-08,0.00111697,0.998845
77.9,3.76297e-05,4.62959e-08,0.00110581,0.998857
78,3.76256e-05,4.58275e-08,0.00109476,0.998868
78.1,3.76215e-05,4.53638e-08,0.00108381,0.998879
78.2,3.76174e-05,4.49049e-08,0.00107298,0.998889
78.3,3.76133e-05,4.44507e-08,0.00106225,0.9989
78.4,3.76093e-05,4.40011e-08,0.00105164,0.998911
78.5,3.76054e-05,4.35561e-08,0.00104112,0.998921
78.6,3.76015e-05,4.31157e-08,0.00103072,0.998932
78.7,3.75976e-05,4.26798e-08,0.00102041,0.998942
78.8,3.75938e-05,4.22483e-08,0.00101021,0.998952
78.9,3.759e-05,4.18213e-08,0.00100012,0.998962
79,3.75862e-05,4.13986e-08,0.00099012,0.998972
79.1,3.75825e-05,4.09802e-08,0.000980223,0.998982
79.2,3.75788e-05,4.05661e-08,0.000970425,0.998992
79.3,3.75751e-05,4.01562e-08,0.000960724,0.999002
79.4,3.75715e-05,3.97505e-08,0.000951121,0.999011
79.5,3.7568e-05,3.9349e-08,0.000941614,0.999021
79.6,3.75644e-05,3.89515e-08,0.000932202,0.99903
79.7,3.75609e-05,3.85581e-08,0.000922884,0.99904
79.8,3.75575e-05,3.81688e-08,0.000913659,0.999049
79.9,3.7554e-05,3.77834e-08,0.000904526,0.999058
80,3.75506e-05,3.74019e-08,0.000895484,0.999067
80.1,3.75473e-05,3.70243e-08,0.000886533,0.999076
80.2,3.75439e-05,3.66506e-08,0.000877672,0.999085
80.3,3.75406e-05,3.62806e-08,0.000868899,0.999094
80.4,3.75374e-05,3.59145e-08,0.000860213,0.999102
80.5,3.75342e-05,3.5552e-08,0.000851615,0.999111
80.6,3.7531e-05,3.51933e-08,0.000843102,0.999119
80.7,3.75278e-05,3.48382e-08,0.000834675,0.999128
80.8,3.75247e-05,3.44867e-08,0.000826331,0.999136
80.9,3.75216e-05,3.41388e-08,0.000818071,0.999144
81,3.75185e-05,3.37945e-08,0.000809894,0.999153
81.1,3.75155e-05,3.34536e-08,0.000801799,0.999161
81.2,3.75124e-05,3.31163e-08,0.000793784,0.999169
81.3,3.75095e-05,3.27823e-08,0.000785849,0.999177
81.4,3.75065e-05,3.24518e-08,0.000777994,0.999184
81.5,3.75036e-05,3.21246e-08,0.000770217,0.999192
81.6,3.75007e-05,3.18007e-08,0.000762519,0.9992
81.7,3.74979e-05,3.14801e-08,0.000754897,0.999208
81.8,3.7495e-05,3.11628e-08,0.000747351,0.999215
81.9,3.74922e-05,3.08487e-08,0.00073988,0.999223
82,3.74894e-05,3.05378e-08,0.000732485,0.99923
82.1,3.74867e-05,3.02301e-08,0.000725163,0.999237
82.2,3.7484e-05,2.99255e-08,0.000717914,0.999245
82.3,3.74813e-05,2.9624e-08,0.000710738,0.999252
82.4,3.74786e-05,2.93255e-08,0.000703634,0.999259
82.5,3.7476e-05,2.90301e-08,0.0006966,0.999266
82.6,3.74734e-05,2.87376e-08,0.000689637,0.999273
82.7,3.74708e-05,2.84482e-08,0.000682744,0.99928
82.8,3.74682e-05,2.81617e-08,0.000675919,0.999287
82.9,3.74657e-05,2.7878e-08,0.000669163,0.999293
83,3.74632e-05,2.75973e-08,0.000662474,0.9993
83.1,3.74607e-05,2.73194e-08,0.000655852,0.999307
83.2,3.74583e-05,2.70443e-08,0.000649296,0.999313
83.3,3.74558e-05,2.67721e-08,0.000642806,0.99932
83.4,3.74534e-05,2.65025e-08,0.00063638,0.999326
83.5,3.7451e-05,2.62357e-08,0.000630019,0.999333
83.6,3.74487e-05,2.59717e-08,0.000623722,0.999339
83.7,3.74463e-05,2.57102e-08,0.000617487,0.999345
83.8,3.7444e-05,2.54515e-08,0.000611315,0.999351
83.9,3.74417e-05,2.51953e-08,0.000605204,0.999357
84,3.74395e-05,2.49418e-08,0.000599155,0.999363
84.1,3.74372e-05,2.46908e-08,0.000593166,0.999369
84.2,3.7435e-05,2.44424e-08,0.000587236,0.999375
84.3,3.74328e-05,2.41965e-08,0.000581366,0.999381
84.4,3.74306e-05,2.3953e-08,0.000575555,0.999387
84.5,3.74285e-05,2.37121e-08,0.000569802,0.999393
84.6,3.74263e-05,2.34736e-08,0.000564106,0.999398
84.7,3.74242e-05,2.32374e-08,0.000558468,0.999404
84.8,3.74221e-05,2.30037e-08,0.000552885,0.99941
84.9,3.74201e-05,2.27724e-08,0.000547359,0.999415
85,3.7418e-05,2.25433e-08,0.000541887,0.999421
85.1,3.7416e-05,2.23166e-08,0.000536471,0.999426
85.2,3.7414e-05,2.20922e-08,0.000531108,0.999431
85.3,3.7412e-05,2.18701e-08,0.0005258,0.999437
85.4,3.741e-05,2.16502e-08,0.000520544,0.999442
85.5,3.74081e-05,2.14326e-08,0.00051534,0.999447
85.6,3.74062e-05,2.12171e-08,0.000510189,0.999452
85.7,3.74043e-05,2.10038e-08,0.000505089,0.999457
85.8,3.74024e-05,2.07927e-08,0.000500041,0.999463
85.9,3.74005e-05,2.05837e-08,0.000495042,0.999468
86,3.73986e-05,2.03768e-08,0.000490094,0.999472
86.1,3.73968e-05,2.0172e-08,0.000485195,0.999477
86.2,3.7395e-05,1.99693e-08,0.000480345,0.999482
86.3,3.73932e-05,1.97686e-08,0.000475544,0.999487
86.4,3.73914e-05,1.95699e-08,0.00047079,0.999492
86.5,3.73897e-05,1.93733e-08,0.000466084,0.999497
86.6,3.73879e-05,1.91786e-08,0.000461425,0.999501
86.7,3.73862e-05,1.8986e-08,0.000456813,0.999506
86.8,3.73845e-05,1.87952e-08,0.000452247,0.99951
86.9,3.73828e-05,1.86064e-08,0.000447726,0.999515
87,3.73811e-05,1.84195e-08,0.000443251,0.999519
87.1,3.73795e-05,1.82344e-08,0.00043882,0.999524
87.2,3.73778e-05,1.80513e-08,0.000434434,0.999528
87.3,3.73762e-05,1.787e-08,0.000430091,0.999533
87.4,3.73746e-05,1.76905e-08,0.000425792,0.999537
87.5,3.7373e-05,1.75128e-08,0.000421536,0.999541
87.6,3.73714e-05,1.7337e-08,0.000417322,0.999545
87.7,3.73699e-05,1.71629e-08,0.000413151,0.999549
87.8,3.73683e-05,1.69905e-08,0.000409021,0.999554
87.9,3.73668e-05,1.68199e-08,0.000404933,0.999558
88,3.73653e-05,1.6651e-08,0.000400885,0.999562
88.1,3.73638e-05,1.64838e-08,0.000396878,0.999566
88.2,3.73623e-05,1.63183e-08,0.000392911,0.99957
88.3,3.73608e-05,1.61545e-08,0.000388983,0.999574
88.4,3.73594e-05,1.59923e-08,0.000385095,0.999578
88.5,3.73579e-05,1.58318e-08,0.000381246,0.999581
88.6,3.73565e-05,1.56729e-08,0.000377435,0.999585
88.7,3.73551e-05,1.55155e-08,0.000373662,0.999589
88.8,3.73537e-05,1.53598e-08,0.000369927,0.999593
88.9,3.73523e-05,1.52056e-08,0.000366229,0.999596
89,3.7351e-05,1.5053e-08,0.000362568,0.9996
89.1,3.73496e-05,1.49019e-08,0.000358944,0.999604
89.2,3.73483e-05,1.47524e-08,0.000355356,0.999607
89.3,3.73469e-05,1.46043e-08,0.000351804,0.999611
89.4,3.73456e-05,1.44578e-08,0.000348288,0.999614
89.5,3.73443e-05,1.43127e-08,0.000344806,0.999618
89.6,3.7343e-05,1.41691e-08,0.000341359,0.999621
89.7,3.73418e-05,1.40269e-08,0.000337947,0.999625
89.8,3.73405e-05,1.38862e-08,0.000334569,0.999628
89.9,3.73393e-05,1.37469e-08,0.000331225,0.999631
90,3.7338e-05,1.3609e-08,0.000327914,0.999635
90.1,3.73368e-05,1.34724e-08,0.000324636,0.999638
90.2,3.73356e-05,1.33373e-08,0.000321391,0.999641
90.3,3.73344e-05,1.32035e-08,0.000318179,0.999644
90.4,3.73332e-05,1.3071e-08,0.000314998,0.999648
90.5,3.7332e-05,1.29399e-08,0.00031185,0.999651
90.6,3.73308e-05,1.28101e-08,0.000308732,0.999654
90.7,3.73297e-05,1.26816e-08,0.000305646,0.999657
90.8,3.73286e-05,1.25544e-08,0.000302591,0.99966
90.9,3.73274e-05,1.24285e-08,0.000299566,0.999663
91,3.73263e-05,1.23039e-08,0.000296572,0.999666
91.1,3.73252e-05,1.21805e-08,0.000293608,0.999669
91.2,3.73241e-05,1.20583e-08,0.000290673,0.999672
91.3,3.7323e-05,1.19374e-08,0.000287767,0.999675
91.4,3.73219e-05,1.18177e-08,0.000284891,0.999678
91.5,3.73209e-05,1.16992e-08,0.000282043,0.999681
91.6,3.73198e-05,1.15819e-08,0.000279224,0.999683
91.7,3.73188e-05,1.14658e-08,0.000276433,0.999686
91.8,3.73178e-05,1.13508e-08,0.000273669,0.999689
91.9,3.73167e-05,1.1237e-08,0.000270934,0.999692
92,3.73157e-05,1.11243e-08,0.000268226,0.999694
92.1,3.73147e-05,1.10128e-08,0.000265544,0.999697
92.2,3.73137e-05,1.09024e-08,0.00026289,0.9997
92.3,3.73128e-05,1.07931e-08,0.000260262,0.999702
92.4,3.73118e-05,1.06849e-08,0.000257661,0.999705
92.5,3.73108e-05,1.05778e-08,0.000255085,0.999708
92.6,3.73099e-05,1.04717e-08,0.000252535,0.99971
92.7,3.73089e-05,1.03668e-08,0.000250011,0.999713
92.8,3.7308e-05,1.02629e-08,0.000247512,0.999715
92.9,3.73071e-05,1.016e-08,0.000245038,0.999718
93,3.73062e-05,1.00582e-08,0.000242589,0.99972
93.1,3.73053e-05,9.95735e-09,0.000240164,0.999723
93.2,3.73044e-05,9.85755e-09,0.000237763,0.999725
93.3,3.73035e-05,9.75876e-09,0.000235386,0.999727
93.4,3.73026e-05,9.66095e-09,0.000233034,0.99973
93.5,3.73017e-05,9.56413e-09,0.000230704,0.999732
93.6,3.73009e-05,9.46829e-09,0.000228398,0.999734
93.7,3.73e-05,9.3734e-09,0.000226115,0.999737
93.8,3.72992e-05,9.27947e-09,0.000223855,0.999739
93.9,3.72983e-05,9.18649e-09,0.000221617,0.999741
94,3.72975e-05,9.09443e-09,0.000219402,0.999743
94.1,3.72967e-05,9.0033e-09,0.000217209,0.999745
94.2,3.72959e-05,8.91309e-09,0.000215038,0.999748
94.3,3.72951e-05,8.82378e-09,0.000212888,0.99975
94.4,3.72943e-05,8.73537e-09,0.00021076,0.999752
94.5,3.72935e-05,8.64785e-09,0.000208653,0.999754
94.6,3.72927e-05,8.56121e-09,0.000206568,0.999756
94.7,3.72919e-05,8.47543e-09,0.000204503,0.999758
94.8,3.72912e-05,8.39052e-09,0.000202459,0.99976
94.9,3.72904e-05,8.30646e-09,0.000200435,0.999762
95,3.72897e-05,8.22325e-09,0.000198432,0.999764
95.1,3.72889e-05,8.14087e-09,0.000196448,0.999766
95.2,3.72882e-05,8.05931e-09,0.000194484,0.999768
95.3,3.72875e-05,7.97858e-09,0.00019254,0.99977
95.4,3.72868e-05,7.89866e-09,0.000190616,0.999772
95.5,3.72861e-05,7.81954e-09,0.00018871,0.999774
95.6,3.72853e-05,7.74121e-09,0.000186824,0.999776
95.7,3.72847e-05,7.66367e-09,0.000184957,0.999778
95.8,3.7284e-05,7.5869e-09,0.000183108,0.99978
95.9,3.72833e-05,7.51091e-09,0.000181277,0.999781
96,3.72826e-05,7.43568e-09,0.000179465,0.999783
96.1,3.72819e-05,7.36121e-09,0.000177672,0.999785
96.2,3.72813e-05,7.28748e-09,0.000175896,0.999787
96.3,3.72806e-05,7.21449e-09,0.000174137,0.999789
96.4,3.728e-05,7.14224e-09,0.000172397,0.99979
96.5,3.72793e-05,7.07071e-09,0.000170673,0.999792
96.6,3.72787e-05,6.9999e-09,0.000168967,0.999794
96.7,3.72781e-05,6.9298e-09,0.000167278,0.999795
96.8,3.72774e-05,6.8604e-09,0.000165606,0.999797
96.9,3.72768e-05,6.7917e-09,0.000163951,0.999799
97,3.72762e-05,6.72368e-09,0.000162312,0.9998
97.1,3.72756e-05,6.65635e-09,0.00016069,0.999802
97.2,3.7275e-05,6.5897e-09,0.000159083,0.999804
97.3,3.72744e-05,6.52371e-09,0.000157493,0.999805
97.4,3.72738e-05,6.45839e-09,0.000155919,0.999807
97.5,3.72732e-05,6.39372e-09,0.00015436,0.999808
97.6,3.72727e-05,6.3297e-09,0.000152817,0.99981
97.7,3.72721e-05,6.26632e-09,0.00015129,0.999811
97.8,3.72715e-05,6.20358e-09,0.000149778,0.999813
97.9,3.7271e-05,6.14146e-09,0.00014828,0.999814
98,3.72704e-05,6.07997e-09,0.000146798,0.999816
98.1,3.72699e-05,6.0191e-09,0.000145331,0.999817
98.2,3.72693e-05,5.95884e-09,0.000143878,0.999819
98.3,3.72688e-05,5.89918e-09,0.00014244,0.99982
98.4,3.72683e-05,5.84012e-09,0.000141016,0.999822
98.5,3.72677e-05,5.78165e-09,0.000139607,0.999823
98.6,3.72672e-05,5.72377e-09,0.000138211,0.999825
98.7,3.72667e-05,5.66646e-09,0.00013683,0.999826
98.8,3.72662e-05,5.60974e-09,0.000135462,0.999827
98.9,3.72657e-05,5.55358e-09,0.000134108,0.999829
99,3.72652e-05,5.49798e-09,0.000132767,0.99983
99.1,3.72647e-05,5.44294e-09,0.00013144,0.999831
99.2,3.72642e-05,5.38846e-09,0.000130126,0.999833
99.3,3.72637e-05,5.33452e-09,0.000128826,0.999834
99.4,3.72632e-05,5.28112e-09,0.000127538,0.999835
99.5,3.72628e-05,5.22825e-09,0.000126263,0.999836
99.6,3.72623e-05,5.17592e-09,0.000125001,0.999838
99.7,3.72618e-05,5.12411e-09,0.000123751,0.999839
99.8,3.72614e-05,5.07282e-09,0.000122514,0.99984
99.9,3.72609e-05,5.02204e-09,0.00012129,0.999841
100,3.72605e-05,4.97177e-09,0.000120077,0.999843
